Them
[[   1.      0.      0.     -0.79    0.      0.      0.     -0.      0.      0.      0.      0.      0.81]
 [   0.      0.      0.     -1.12    1.      0.      0.     -0.      0.      0.      0.     -0.      0.09]
 [   0.      0.      1.     -0.7     0.      0.      0.     -0.      0.      0.      0.      0.      1.29]
 [   0.      0.      0.   -117.46    0.      0.3     0.21    0.4     1.      0.      0.     -0.38 1033.68]
 [   0.      0.      0.   -311.89    0.      0.45   -0.65   -0.15    0.      1.      0.      0.08  711.17]
 [   0.      1.      0.     -0.55    0.      0.      0.      0.      0.      0.      0.     -0.      0.99]
 [   0.      0.      0.    299.71    0.     -1.18    0.03    0.2     0.      0.      1.      0.26  206.27]
 [   0.      0.      0.   1218.29    0.     -0.49   -0.1     0.7     0.      0.      0.     -0.05   16.42]]
[ 0  4  2  8  9  1 10]
--Them--
Them
[[    1.       0.       0.       0.3     -0.98     0.      -0.      -0.       0.       0.       0.       0.       0.73]
 [    0.       0.       0.   -1864.    1664.83     1.       0.82    -0.85     0.       0.       0.      -0.89   142.26]
 [    0.       0.       1.      -0.62    -0.07     0.       0.       0.       0.       0.       0.       0.       1.29]
 [    0.       0.       0.     433.22  -491.85     0.      -0.04     0.65     1.       0.       0.      -0.11   991.65]
 [    0.       0.       0.     519.09  -742.19     0.      -1.01     0.22     0.       1.       0.       0.48   647.75]
 [    0.       1.       0.       1.12    -1.49     0.      -0.       0.       0.       0.       0.       0.       0.87]
 [    0.       0.       0.   -1907.55  1971.43     0.       1.      -0.81     0.       0.       1.      -0.8    374.72]
 [    0.       0.       0.     309.81   811.42     0.       0.3      0.28     0.       0.       0.      -0.48    85.76]]
[ 0  5  2  8  9  1 10]
--Them--
Them
[[  882.81     0.       0.     268.55  -866.5      0.      -0.17    -0.19     0.       0.       0.       1.     642.83]
 [  788.38     0.       0.   -1624.17   891.02     1.       0.67    -1.02     0.       0.       0.       0.     716.33]
 [   -0.33     0.       1.      -0.72     0.25     0.       0.       0.       0.       0.       0.       0.       1.05]
 [  100.82     0.       0.     463.89  -590.8      0.      -0.05     0.63     1.       0.       0.       0.    1065.06]
 [ -421.35     0.       0.     390.92  -328.63     0.      -0.93     0.31     0.       1.       0.       0.     340.94]
 [   -0.32     1.       0.       1.03    -1.18     0.      -0.       0.       0.       0.       0.       0.       0.63]
 [  706.58     0.       0.   -1692.61  1277.9      0.       0.86    -0.96     0.       0.       1.       0.     889.23]
 [  427.9      0.       0.     439.98   391.42     0.       0.22     0.19     0.       0.       0.       0.     397.34]]
[11  5  2  8  9  1 10]
--Them--
IBFS is Correct
Initial Tableu
 [[   1.      0.      0.     -0.79    0.      0.      0.     -0.      0.      0.      0.      0.      0.      0.     -0.      0.      0.      0.      0.      0.81]
 [   0.      0.      0.     -1.12    1.      0.      0.     -0.      0.      0.      0.     -0.      0.      0.     -0.      0.      0.      0.     -0.      0.09]
 [   0.      0.      1.     -0.7     0.      0.      0.     -0.      0.      0.      0.      0.      0.      0.     -0.      0.      0.      0.      0.      1.29]
 [   0.      0.      0.   -117.46    0.      0.3     0.21    0.4     1.      0.      0.     -0.38    0.3     0.21    0.4     1.      0.      0.     -0.38 1033.68]
 [   0.      0.      0.   -311.89    0.      0.45   -0.65   -0.15    0.      1.      0.      0.08    0.45   -0.65   -0.15    0.      1.      0.      0.08  711.17]
 [   0.      1.      0.     -0.55    0.      0.      0.      0.      0.      0.      0.     -0.      0.      0.      0.      0.      0.      0.     -0.      0.99]
 [   0.      0.      0.    299.71    0.     -1.18    0.03    0.2     0.      0.      1.      0.26   -1.18    0.03    0.2     0.      0.      1.      0.26  206.27]
 [   0.      0.      0.     -0.      0.      0.     -0.      0.      0.      0.      0.     -0.      1.      1.      1.      1.      1.      1.      1.     -0.  ]]
[ 0  4  2  8  9  1 10]
12 7
Pre Phase 2 Tableau
 [[   1.      0.      0.     -0.79    0.      0.      0.     -0.      0.      0.      0.      0.      0.81]
 [   0.      0.      0.     -1.12    1.      0.      0.     -0.      0.      0.      0.     -0.      0.09]
 [   0.      0.      1.     -0.7     0.      0.      0.     -0.      0.      0.      0.      0.      1.29]
 [   0.      0.      0.   -117.46    0.      0.3     0.21    0.4     1.      0.      0.     -0.38 1033.68]
 [   0.      0.      0.   -311.89    0.      0.45   -0.65   -0.15    0.      1.      0.      0.08  711.17]
 [   0.      1.      0.     -0.55    0.      0.      0.      0.      0.      0.      0.     -0.      0.99]
 [   0.      0.      0.    299.71    0.     -1.18    0.03    0.2     0.      0.      1.      0.26  206.27]
 [   0.      0.      0.   1215.1     0.     -0.     -0.     -0.     -0.     -0.     -0.     -0.     14.13]]
Us
[[   1.      0.      0.     -0.79    0.      0.      0.     -0.      0.      0.      0.      0.      0.81]
 [   0.      0.      0.     -1.12    1.      0.      0.     -0.      0.      0.      0.     -0.      0.09]
 [   0.      0.      1.     -0.7     0.      0.      0.     -0.      0.      0.      0.      0.      1.29]
 [   0.      0.      0.   -117.46    0.      0.3     0.21    0.4     1.      0.      0.     -0.38 1033.68]
 [   0.      0.      0.   -311.89    0.      0.45   -0.65   -0.15    0.      1.      0.      0.08  711.17]
 [   0.      1.      0.     -0.55    0.      0.      0.      0.      0.      0.      0.     -0.      0.99]
 [   0.      0.      0.    299.71    0.     -1.18    0.03    0.2     0.      0.      1.      0.26  206.27]
 [   0.      0.      0.   1215.1     0.     -0.     -0.     -0.     -0.     -0.     -0.     -0.     14.13]]
[ 0  4  2  8  9  1 10]
Correct Output -  [0.         0.63104822 1.04881722 0.         0.        ] 397.33885114080283
Our Output -  [0.81 0.99 1.29 0.   0.09] 14.129999999999903
[0.81 0.99 1.29 0.   0.09]
F